class config:
    Verbose = False
    seed = 123

    # for CGP
    MUT_PB = 0.1  # mutate probability
    N_COLS = 100   # number of cols (nodes) in a single-row CGP
    LEVEL_BACK = 80  # how many levels back are allowed for inputs in CGP

    # parameters of evolutionary strategy: MU+LAMBDA
    MU = 5
    LAMBDA = 1000-MU
    Epoch = 100
    N_GEN = 500  # max number of generations
    n_process = 40
    solved = 100

0 time: 124.31661605834961 -112.095767473546
1 time: 136.52508568763733 -96.77322634746602
2 time: 247.4994592666626 -75.80431307278855
3 time: 153.74510955810547 -36.347963026308896
4 time: 186.02788019180298 -25.61237133241907
5 time: 196.40652704238892 -20.56900570640495
6 time: 151.74827575683594 -15.678391875752675
7 time: 184.81258702278137 -16.044667149456746
8 time: 192.46857142448425 -10.424898556154613
9 time: 192.61586141586304 -2.115869187708371
10 time: 250.05435967445374 6.884666325281414
11 time: 226.36622142791748 22.041306007945973
12 time: 181.9023551940918 38.062455403089345
13 time: 184.78355073928833 40.19156430623917
14 time: 189.0341923236847 51.68356259654787
15 time: 241.23210525512695 56.11894606126999
16 time: 250.65912079811096 68.34489626490102
17 time: 326.7619650363922 58.386887280072216
18 time: 320.69075441360474 121.3046485313458

0 -133.86915116901366
1 295.4227055914691
2 242.06225685855762
3 270.47080617358176
4 309.9315722687535
5 267.40180212839726
6 18.17567239124375
7 265.44048830411367
8 61.77214767405863
9 237.71686951965884
10 265.3702546467972
11 22.190438618990157
12 252.21660037941814
13 226.90722392441475
14 121.78152487283931
15 182.46383057483854
16 278.51081778413356
17 233.0687966470612
18 310.9155563938563
19 20.649990451523024
20 29.504620747411167
21 195.1812264069428
22 38.43765989504365
23 32.349315335525915
24 216.14537566759105
25 -146.7103980864612
26 247.86549996672755
27 272.2326808750088
28 299.8271366131765
29 -268.0520092567
30 269.0901011615416
31 -5.158094644701947
32 223.8408475221018
33 259.4809849093134
34 254.01110706576853
35 22.328763576394536
36 277.6942799861432
37 -204.40249514040528
38 255.94444061215668
39 69.66731061959241
40 297.09489981506
41 154.50684630590644
42 261.9158813951718
43 178.9854052291009
44 258.19134169051966
45 192.6998481638498
46 -57.232562667279524
47 205.8040710636975
48 -153.88175418999612
49 -235.1213445754514
50 -34.004290926334136
51 208.20099104683192
52 249.07739859579948
53 -109.71500467232937
54 270.0222118921882
55 193.5084970073873
56 236.63126742875906
57 194.74032371967118
58 266.57423768500666
59 192.680245198687
60 -122.33835186479493
61 222.91491550380204
62 239.88305814814277
63 301.64565368623624
64 6.002409242165214
65 280.63737277857047
66 208.6536188664153
67 -364.35738332494986
68 280.2415687629333
69 13.94156546920442
70 211.04517999371376
71 24.452934564776413
72 230.18922596702183
73 216.44087632887545
74 -122.74737478711702
75 306.2134508521834
76 24.07612954253426
77 267.028182706637
78 237.4335200736511
79 240.6389438813347
80 233.0656816297817
81 -199.76705334249158
82 5.121949565972443
83 -11.019400509253273
84 34.50258488392757
85 34.937694994555244
86 249.43075485505216
87 9.364736496583475
88 8.83548234343759
89 233.85617892617017
90 243.0721807787727
91 233.76369442369406
92 279.8783899222562
93 -41.37310295477161
94 -92.10063104901903
95 26.229036837067596
96 36.322561286802085
97 53.853660381835226
98 -163.86481681520235
99 148.60622971374002
128.83268375833356